0 0.5864583333333333 0.6652777777777777 0.17777777777777778 0.10277777777777777
0 0.40208333333333335 0.5954861111111112 0.11527777777777778 0.05486111111111111
0 0.9385416666666667 0.6979166666666666 0.11527777777777778 0.0375
0 0.1859375 0.5520833333333334 0.059722222222222225 0.02638888888888889
0 0.30703125 0.5826388888888889 0.07708333333333334 0.04027777777777778
1 0.6638020833333333 0.7083333333333334 0.41041666666666665 0.3680555555555556
1 0.42552083333333335 0.6902777777777778 0.22083333333333333 0.5222222222222223
1 0.8747395833333333 0.7548611111111111 0.2965277777777778 0.4625
1 0.18333333333333332 0.6340277777777777 0.14722222222222223 0.3
1 0.29375 0.68125 0.12777777777777777 0.4041666666666667
