0 0.4524739583333333 0.3719618055555556 0.15104166666666666 0.04716435185185185
0 0.4422743055555556 0.4351851851851852 0.09722222222222222 0.0630787037037037
0 0.4383680555555556 0.15465856481481483 0.019675925925925927 0.016493055555555556
0 0.5530598958333334 0.14033564814814814 0.021122685185185185 0.01678240740740741
0 0.6518012152777778 0.10575810185185185 0.026909722222222224 0.019965277777777776
0 0.7862413194444444 0.0881076388888889 0.022569444444444444 0.01707175925925926
1 0.4341362847222222 0.5572916666666666 0.3197337962962963 0.7818287037037037
1 0.3988715277777778 0.12037037037037036 0.16319444444444445 0.11168981481481481
1 0.5243055555555556 0.11733217592592593 0.1099537037037037 0.14149305555555555
1 0.6179470486111112 0.11212384259259259 0.14091435185185186 0.1310763888888889
1 0.7368706597222222 0.09143518518518519 0.16637731481481483 0.11631944444444445
